10 50 500 20
5 33
26 2 16 30
9 13 38
17 29
17 23 6 25
6
37 16 29 49
0 9 21
45
47 0
12 17 37 47
0 32 47 12
8 13 36 43
16 10
5 43
14 48 47
19
42 25 48 22 44
1 8 25 41
17 47
48 13 46 5
1 37 12 35
43
9 24 22 6 47
29 26
9 48 24 30
13
12 47 35 26 20
40 12 11 31 47
5 19 20 42
10 15 19
27 36 3 29 31
2
31
4
8 28 40
22 27
16 27
15 35 33 22 8
40
4 36 1
9 42 26 17 3
28 18
10 23
39 21 3
28
10 24
30 2 22 5 41
12 8
31 32 42
1 31 6 46 17
21 20
22 17 45 34 37
33 32 4 46
49 39 43 14
46 47 2
38 27 16 3
17
21 24 25
15 18
28
48 34 16 23
8 27
15 41 0 21 10
40
13 15 7 32 38
6 11
34 42 26 3
40 2
42 23 49
18
21
32 46 31 23 1
41 1 44 25
26 49 5
3 43 24
43 31
41 22
4
23
37 30 36
0
19 47 6 36
27 3 43
16 42
14 42 0 9 36
30
26 23 19
23 27 36
40 49 29
0 9 15 46
2 42 36 12
39 10
7 48 42 11 3
37
9 41 15 25
9 27 7
35 0 25
36 15 42 4 32
8 34 31
41 26 45 15 17
40 33 27
41
2 26 36
49 48 47 7
49 36 28
46
12 25 48 31 23
17
33 36
41
26 22
18 38 34 45 49
38 6 49 20 34
13 9 26
45 25 16
16 24
6 12 11
17 9 42
31 40 13
3 23
13 49 34 21
12 37
10 6 21 11
37
39 21
48 20
39 11 26 3 18
4 9
4 25 37
10 9 46 49
27
8 16 18
36 29 46 14
8 32 5 23 19
23 28 25 13
16 31 5
11 49 48 39 0
28 38 46
49 15 27 35 21
25 27 14 28
22 29 23 21
48 46
5 23 44 32
20
39
18 14 39 49 19
45 18 43 5
45 29 18 38
20 10 34 7 2
20
17 43 0 14
14
10 30
19 5 40
30 10 18
23 22 15 5 6
7 8 35 14 42
43 49
2 11
0
2 0 31 9 15
32
25 2 20 5 49
10 16 26 18
2 26
41 19 12 5 15
43 7 28 45
20
3 22 12 21 18
42 7 8
40 10
33 17
7 47 38 28 33
24
7
5
30
38
46 16 28 48 14
42 5 45 15 41
16 21 8 48
42 45 30
1
46
43 44 8
6 20
43 39 15
41
27 22 36 49 35
40 48 4 15 36
13 38 35
6 20
33 20
47 45 14 25 6
47 39 22 38 15
44 20 17 13 49
19 40 16
26 39
0
44 45 24 25 47
35 13 28
5 30
34 14 18 45 19
23 37
32 29 13 15 28
37 6
1
46
42 30 32
22 2
9 3
34
30 7 39 23 4
3 26 34 27 8
16 40 20
7 12
28 20
22 12 3 1 20
42
4 0 15 47
6 47
11 37
41 48
24 17 49 2
36 28
7 13
17 12 42 27 3
6 27
39 45
23 47
49
26 17
1 25
23 18
34
45
48 39 22 45 49
27 20 11
15
47
16 20 41
46 20
0
23 9 15 39 38
1 13 21
7
20 24 18
42 10 2 5
7 49 15 37
10 8 36
8 47 11
44 25 30
18 43 39 16
38
28 16
7 16 3 47 11
5 33 26 25 30
41
42 16
43 19 29 27 45
43 8 0 6
7 43
30 38
7 49 0 46
21 26 18 47 25
5 42 36 24 18
43 4
27 31
36
43 32 14
41 47 46 3
20 46 8
9 6 13 36 20
21 18
47 25 2 11 5
15 40 25 4 2
33 12 24
40 44
9 2 40 18 43
30
9 17
48 43 36 49 42
2 25 9 19
15 20
39
35
45 38 37
36 27 34 47 26
17 8 1 25 32
27 29
35 2
26 22
32 33 20 27
4 7 42
33
19 44 39 1
21 1 8 18 17
31 21
5 8 32 14
16 44 0 38
0 30 34
12 8 32 40 26
17
43 22 44 25 47
12
8 35
20 10 43 30
30 42
3 2
45 49
48 30 2
1 12 41 5 4
12
33 42 39
16 45 34 21 40
15 1
35 34 32
2 17
1 49 7 5 40
4 5 34
15 25 6 27 21
38 10
48 20 29
21 3 32 46
1 28 11
45 12
36 14 8
22 31 45
4 1 37 43
12
41 42 45 40 16
38 42 4
44
34 0
44 17 49 20
27 23 10 25
25
0 10 20 16
42 22
32
33 26 30
21 9
4 44 1 34 46
44 34
46
0 6 3
26 6
47
6
25 47 43
35 6 43 22 45
0 1 37
16
43 18
26 6 8 48 22
3 37 11
23
3
42
34 13
10 37
13 32 41 3 43
1 23
41 27 24
46
19 24 1 11 4
21 38
18 5 9 38 7
35
35
26 29
37 1 21
36 44 28 31 3
26 40 48
43 28 20 12
39 35
21 14
32
42 31 20 13 11
2 42 28 1
36 24
10 36 46 8 13
31 24
34 39
9 24 25 32 6
20 35 34 5 30
27
20 29 16 17 44
13 44 27 49 6
38 49 7 25 41
7 12 10 9
34 20 45 0
48 21
32 0
7 25 46
5 45 44 26 33
38 12 31
12 31 22 26 15
26 22 2 32
29 10 15
28 41 45 12 39
5 49 19 37
25
5 14 38
28 4 43 48
39 13 33
6 12 9 25
16 22 47 1 2
37
11 10 18 22 13
24 25 29 0 3
26
20
1 47 46
15 47 13
35 32 33 2
45 39 42
26 22 18 49
36 26
49 47 29 9 33
36
48 16 35
47 39 18 32
38 26
49
11 13
36 4 5 44
25 35
36 30 42 4
35 14 24 18
16 3 39 35 4
18 25
2 36 15
44 29
1 5 25
24 43 3
5 33
48 3 18 39
3
14
0 29
13 28
8
7
21 19 14
39 30 0 27 26
46 32 26 24 36
3 31 1 49
10 13
36 30
7 44 10 18 13
18 17
22
23 44 28
4 9
23 12
27 18 48 34 39
17 33
30 35 33
28 37 38 41
49 48 11 6
8 45 6 20 44
10 8
36 4 21 8
48 26
4 15 33 32 28
12
29 9 35
34 12 22 36
0 7 41
13
33
13
1 24 40
49
42 39 17
9 20 24 7 11
45 42 14 15 21
43 45 44
40 8 23 30
39 45
21
5
10
30 26 1
40 21 34 49
25 40
24
24
9 32 1 42
33 27 40
13 29 27 26 30
38 27 10 25
17
25 42 28 26 29
29 46 2 24
16 19 21 43
8 11 49 21 38
27 10 41 24
