10 50 500 20
2
23 29 38 14 20
48 31 0
41 13
8 15 27 46
34 35
18 24 39
32 47
45
29
23 35 9 32 5
43 30
14
10
10
14 24 19 0
2
37 19 6 48
24 36 16
39
28 43 44 42
6
37 8 3
16 12 3
5 21
11 18 6 22
40
30 43 37
11 5
11 41 37 39 19
24 49 39 30
15 44 0 20
19 37
43 47
33 26 11
45 26
0
20 21 25 48
16 4
26 13 27 24 28
7 28
15 3 1
25 49 37 43
44 36
4 1 23 37 13
3 36 44
9 18
27 19
5 19 47 3 4
40
3 29 9 25
36 10 0
41 11
22 39
19
48 39
37 18 47
41 0 40
21 5
46 45 37 40 7
23 17 39 35
17 14 43 46
17 15
28 26 14
20 0 2
33 48 25 5 45
26
41 26 37 16
23 5
17 35
12 16 24 19
46 40
41 45
1 28 45 8
23 22 26 28
23
49 48 18 13
6
11 41 18 2 21
12 26 32 33
20 28 37 33
12 19 16
3
23
43
19 5 0 17 41
5 35 8 16
26 3 25 36
46 10 41 48 1
28 8 31
23 6
8
41 24 38 46
22 40
47
47 42 23
49
47 0 34 2 41
17
25
8
6 7 38
45 34 39 12
30 42 49 18 13
13 10 4 33
21 40 49
41 49 17
24 3
36 0 7 6 28
31 36 8 34
48 17 49 14
41 24 6 37
20 2
21 10 41
19 45 7 20
31 15 16 42 33
14 1 18 27 42
10 32 9
17 23
32 43 34 35 4
46 44 38 15
15 25 16 45
10
24
47 2 20
41 11 19
47 41 7 46
16 49
7 25 1 46
4 38 11
14 39 43 4
39 45 12
25 42
4 12 26 7
7 12 19 38 42
22 32 30
27 38
8 47
27 30 36
23 7 10
25
6 17 20 38
33
44
45 9 41 42 38
47 22 37 48
41 8
3 30 31 40
40 18 22
37 33 5 40
23 27 15 47 19
1
25 3 15 48 2
29
18 31 11 19 3
18 9 37 41
24 30 5 16
44 5 34 45
27 8 21 20
18 42 45 7 17
28
34 19 40 20
48 47 49
12 21 43 36 20
38 7
49 19 27
11 27 2 14
37 4 2 11 26
22 12 11
36 15 23 39 45
39 0 43
20 8 14 16 32
23 20 27 0 15
31 28 45 10 12
27 15
46
3 44 11
6 22
45 16 6 14 34
35 14
40 4 28 27 45
9
0 24 3
22 14 43 0
0 32 17 14 10
35 1 0 24
28
36 1 22
41 45 20 36
44 12 11 18
42 3 7 41
25 5 22 41
44 40
27 34 10
29 17 33
48 27 26 7
12 11 37 26
7
13 1 32
23 28
2 43
41
27 7 47 5 39
10 48 20
3 11 49 8 45
6 47 2 48
39 41 17 30
8
46 22 11 2
46 16
38
31 26 13 30
42 23
4 30 8 42 39
12
47 16
46 14
41 32 38
20 21 49 27
49 42 47 38 39
5 37 24 25
7 27 46 29 39
10 14 6 47
47 17 37 3
7 5 20 0
20 10 2
1
23 34 18
45 4 1 22
28
5 29 10
45 26
11 23 24
43 49 19 46 45
18 43 5
34 13 7
2
47 12
2 35 0 37 3
0 37 26
11 3 1 32
19 24 31
25
25 1 14 17
27 26 23
41 30 16
5 42 40 7
42 36 14
23 37 1 36 48
14 45
2 19 44 1
37 39 28
14 35 12
2 22 15 44
16 33
4 34
6 17 48
38 42 20
37
17
40
15
0 38 24 35
31 8 47 0
7 19 12 16
15 38 19
8 33 4 11 37
49 28 29
12 28
3 48
8 46
33 8 1 6 16
4 9 35 0 41
7 30 16 15 0
28 45 7 26 30
12 6 25 41
8 22
35 40 23 30 36
46 48 37 47 33
27 29 0 25 7
27
15 27 34 12 8
40 11 6 21 35
26 2 15 33
12 4 27 3
29 21 34
10 20 15 2 42
40 5 9
47 8 42 21 9
15 0 18 23 21
32 4 18 49 21
10 39 42 0
0 44
41 43
6 18 37 16 23
8 26 32 18
45 14 4
45
0 38 22 4
4 41 5
6 42
44 45 31 13
10
46
48 49
9 20
23 35 6 39 49
17 29 14 48 35
1
18 4 22 10 37
29 20
37 43 25
46 16
38
8
11 7 41
6
3
38 41 34 39
29 25 48 19
9 11 38 37
11 32 34 13
36 6 39 23 4
25 17 32 35 47
47 28
19 42
15 40 16
34
17
48 45 39 44 14
20 1
32
36 33 3 19
23 6 5
4
27
37 46
32 44 9 41
30 20 35 48
46
33 1
14 44
3 15 18
37
24
24 6 33 46 39
33 48 43
4 41 49 1 10
43 13
28 32 1 27 9
21 18 43
32 16
49 18
26 6
27 37 45
38 9 27
23 18
10 40 42 37
45 41 34
46 10 34 33
47 4 2
14 43 15
17 7 28 16 38
9
29
19
2 21 28 45
29 40 41 30 26
28 40 25
31 10 36 1
25 35 20
12 29 41 32
24 38
48
4 30 35 7
1 17 18 40 10
49 25 42
17 5
18 42 30 16
4 6 28 25
36 40 20 2 9
5
34 20 44 30
10
15 29
37 9 7 44 36
2 1 14 33 38
12 22
37 34 13
5 37
36 13 17 44
24 34 30 47
7 24 41 21 8
45 2 27 15 39
13 23
33 27 38
0 26 32 2
2 36 49 9
2 18 22 34
10 45
38 4 18
6 7 2
40 18 15
11
2 9 44
19
14 18 24 38 4
40 14 35 36
11 8 43 48
37 12
7 35 46 41 29
14 8 44
22 11 3
21 11 16
44
9
49 40 36 21 22
17 41 45
41 26
13 4 47 49 8
31 12 13 35
6
47
46 41 20
33
27 17
11 46 7 28 9
34 1 37
1 45
23 37 8
10 40 43
17 42 48 5 44
7 30 3
9
44
18 36 17
43
32 5 47 2
2 38 39 15 21
9 43 24 14 39
3 18 10
13 32 39 26
3 31
20
30 9 21
7 43 33
41 17
29
47 6 5 34 10
13 40 49 4 9
28 33 45 16 13
10 9 30 29 41
45 37 14 27 8
39 43 12 8
1 36 14 40 29
18 34 23
8 21
23
39 45 4 37
48 44
46 41 8 35
23 46 32
5 49 30 31 19
21 32 22 31
0
11 4 23
6 31 42
22 35
32
11 30 46
3 35
34
1 34 0 19 12
45
28
0 2 31 16
7 49 30
8 36 28
38 17 13 25 1
28 32 33 38
35 42
29
29 49 40 24 7
12 36
22
20
48 30 12 14 43
41 18 33
44 15 41
27 43 18 49
21 9 49 18 38
27 13 11 0
42 6 28
34 25 31
20 4 11 3
45
23
11
8 17 42 40 23
13 5
