10 50 500 20
41 18
15 24 11 31 36
32 10 5
12 41
9 16 29 49
39 47 13 18
39 48 32 41 3
46 18
47 7 28 32
1
30 47 1 23 33
44 26 37
37 18 41
38
35 8 19 18 31
49 7 43 4
4 12 24
28 3 31 9
48 13 6 24
24 10 25 15
42 2 44 25
36
47 5 0 20
1
28 45 36
39 40
13
44
7 26 37 24
11
39 9 23 11
28 48 23 11
17
29 39 41 47 21
41 42 47
5
49 12 41 35 9
11 29
43 16 13
5
47 46 16 0
39 44 48 40
28 42 35 33
5 46 1 32
23 20 6 7 29
10
10 29 40
34 47 18 38 44
11 7 2 34 24
38 40 37 2 5
37 38
25 23
14
10 5 22 17 24
48 26 13 44
34 33 18 40 16
37 19 46 15 3
26
45 21
13
13 15 17
17 28
40 3
6 36
32 17 46
49 10 8 20
42 44 12 22
49 31 40
2 18
17 47 5
21 9 15 22 47
21
37 15 28 14
25 9 28 46
27 29 8 4
8 36 22
46 2 35 8 41
44 10
10 26 39 43 36
38 29 9 15 30
43 21 8 17
7
43 10 45 44
41 25 12 32
44 42 27 47
39 0
34
33 37 14 44
11 27 12 28
33 36 25 20 16
37 23 38
29
32 48 24
44 4 38 47
36 39 48
35
47 48 41
13 41 5 9 48
3 43
0 27
21 7
19
6 26 2 43
8
38 36 9 10 45
21 26 32 37
11
42
28 26 45 42 23
28 48 26
49 14 12 21
9 16 42 20
6 41 36 43 25
33
9 37
7 31 48 26 6
4 40 38
4 38
16 41
4
11
47
14 16 20 45
42 49 41 29 9
43
17 19 40
43 20
30 1 28 38
30 37 42
20 42 10
20 32
12 46 17 16 13
36 18
1 4 46 23 27
32 1
5 46
29 43 8 46 17
37 11 8
19 8 12
28 12 27
21 35 34 32
28 40 42 23
2
26
25 9 22 17 19
18 6 17
32 25
20 49 36
29 42 12 41
15
12
28 2 16
39 7 18 8 0
24 2 35
23 45
44 36
17 15
34 22 46 2
40 28 38 5 33
43 23 33 25 19
25
32 35
12 5
30 19 36
36
47 30 49 24
31 3 19 7
21
22 37
7 0 49 42 9
42
1 14 13 47 20
3 31 4
3 40 0 20
43 30
4
31 3 11
44 34 7 24
11 41 16 36
15 43 18 16 10
23
14 23
25 31 23 45
27
16
37 49 14 19 23
30 23 39 4 21
18 34 7 46 9
15 14 7 3
24
37
22 12 17 28
30
14 47 38 29 11
44 30 6 32
36 40
7 45 22
45 37 46 27 41
34
33 32 35 39 37
34 43 10 46 12
30 12 27 44
42 23 43 10
14 34
0 26 4 45 41
47 27 13 49
37
46
33 47 40
4 27 40 37 0
22 3 41 45 37
11 14 21 42
49 6 10 33
14 40 5
48
47 1 13
38 39
22 0
12 18 15 42 24
22 7 5 11
44
31 38 21 45
24 34 0 21 18
44 22 16 37
33 14 16 34
28 3 47 18
12 43 38 34
15
11 49 44 24
43 9 24 26
1 35
18 38 17 33
11 7
2 12 13 4
9
11 22 6
7 22 18 6 39
36 44 30 39 49
6
20 8 13 10
4 34 24 2
27
25 8
29 18
0 36 45 48
4 9
8 19 44
24 46
3
41 21 4 43 14
31 49 39 24
4 48 29 32 7
42
43 25 24 28
0 1
2
32 17
33 2
39 20 29
14 26 38 43
3
15 3 8
21 7 16 4 29
49 19 31 3
12 4 7 49
37 9 22 49
38 16 15
9 42 16 32
44 37 30 19 29
5 14 32 30
18 32
37 1
14 45 46 32
19 26
17 8 41 48
42 35 40 6
40 29 49
3 26 0 4
40
10 17 24
23 18 15 19
27 2 10
36
2
45 8
49 31
39 23 17 42 49
2 21 35 10 3
35 32 19 29
9 6 34
24
1
41 44 43
13
4 6 39 46
49 38
33
33 27 7
12 2 9 26 27
2 44 3 28
16 24 18 42
36 49 38 3 30
47 48
4 37 8 49 1
32
9
25 41 43 38 18
25 21 24
26 5
26 41 14 35 27
17
34 27
15 37 25
23 37 6 35
21 17 42 45
44 47 20 29 11
5
5 40 48 27
31
15
21
29 15 5 11 39
33 0 48 3
46 49
1 4 12 38
49 3 18 48 8
33 49 5 47 37
36 8 12 1 16
26
34 20 28 33 35
28 31
21 38 14 7 39
36
46 24 0 31 48
19
34
15
39 4 33 3 35
2 39 31 29
47 43 15 26
35
11 19
27 42 34 2 31
45 25
47 45 16
10 1
2 15 5 7
34 25 14
21
24 36 16 31 37
19 39 22
17 5
28
2 21 26 30
7 42 2 33
37 26 30 18 24
20 37
37 25
16 23 36 46
37 16 40
46 22 48 4 1
28 12 31 5
10 30 45 24 19
27 45 30
13
42 17 33 10 34
8 14 11
29
46 14 30 3 6
40
5
41 36 26 12
27 2
11 31 41
12 49 40 15 9
8
29 10 11
43 27
41 2
6 30 7 48
29 23 14 45
22
4 10 6 25 3
37 24 34
44
19 42 31 11 27
44 5 41 27 32
3 36
45 46 0 48 33
35 41 2 13 26
27 13 44 1 16
27 0 9 19
9 29 22 0 43
26 35
36 33
41 37
12 21 27
3 37 14 43 27
14 45
47 27
26 27 25 17 12
39 28 14 9 5
13 45
22
0 19 43 42 11
48 12 6 10
24 28 6
46 11 0 30 43
31
43 20 42 44 24
1 12
15 26 48
37 36 23
0
7 42 16 35 46
12 29 48
26
43 27
12
21
37 18 40 4
38
8 10
8
22 30 40 29
13 17
11 13
14 34 4 6
29 40
31
7 12
6
5 10
48 9 17 15 22
14 39 4
19
49
42 22 25
24
9 37 34 20
14 43 7 39 12
14 27 38
27
21
19 33 42
26 43 33 31 8
30
4 42 23 41 21
44 31 15 27 25
33 38 1 49
40 39 32
10 22 24
18 4
49 33 7
47
40 2 39
18 10 3
33 42 18
48
23 26
40 24
15 4 47
47
36 32 2 33
48
23
16
6 20 36 19 9
39 49 15
40 42 5 36
12 6 22
27
29 34
27
30
33 19 46
5 28 18
20 27 2 37
17 25 18 12 4
48 20
28 6 47
10 47 22 5 29
8
0
42 13 30 47
9 22
23 46 27 28
12
29 36 23
23 34 9 2 3
30 49
16
31 41 5 47
38 6 28
43 16 32 1 46
28 31 11
0 1 34
5
28 37 20
0 38 36 40
