10 50 500 20
3 44
45 39 29 13
3 9 2
5 12 23
10
15 12 47
35 21
28 29 40 44
3 4 38
18 33 11 47
11
22 35 32 34 41
32
27 5 9 15 38
21
49 4 32 18
13
45 1 39 17
2 24 11 12 17
42
2 21
21 3 24 5 18
39
27
14 23 35 40 10
46
41 9 16
41
18 34 47 11
14 2
31 8 7 36
25 22
40 0
44
17 29
24 17 0 39 34
26 8
42 38
16 9
28
34 28 26 45 10
12 16 27 49 14
36 42 19 49
11 30 7
4 44 19
8 21
25 10 28 46
37 44 8 35 16
7 0 4 3 39
34 25
14 37 25
35 32 16
26 48 30
30 31
25 15
4 36 10 18 48
42
38
8
44
15 27 40 42
19 10 28 26
25 45
47 39 15 40 38
22 4 11 25
40 49 7
40 7 25
23 1 12 19 10
44 36 3 14
4 36 29 30
47 20
1 25 15 14 32
15 43
7 22 43 17 29
7 21 18
13
23 45
34 18
49 12 41 28 31
47 48 6
49 7 40 41
22
40
2 13
35 2
48 26 49 28 8
43 0 3
46
32
10 33 47 1 42
0 15 28
37
2 26
6 16
19 1
16 7
24 22 17
30 41
46 31
32 40
23 26 48
29 34
13
25 28 8 15
9 1
45 17 33
40 46 37 32 26
36
26 30 37 42
43 4 38 47
29 13 4
10
12 34 6 46
11 15
12 22 48 32
5 9 36
41 28 17 16 12
22 4 19 40
28 33 13
44 1 11 28
9
28
13 25 11 15 30
10 28 38 32
41 40 34
49 16 23 26 11
0
28 0 46 15
14
24 48 3 37
27 36
43 38 39
5 49 33 13 29
39 28 21
42 3
38 46 14 39 4
6 39 36
31 34
33 48 24
12 10
17 22 10
21 29
3 39 47 9 45
38 10 30 5 29
0
25 29 6
29 30
3 24
18 10 6
30 45 27 14 12
19
43
8 10 36 24
20 41 43 11
46 2 40
20 9 42
24 37 16
3 48 28 15 38
1 20 48 28 0
45 43
12 44 3 11 35
37 8
14 16
47
38
47 33 32 48
16 35 49 32
1 0 20 6
22 34 37 33 28
42
2 47
44
22 23 29
35 14
41 5
26 13 9 29
26 35
30 11 24
33 8 43 48 21
0 39 40 48 45
47 35 30
22
10
29 14 48 36
0 17 26
11
16 11 41 25
20
8 31 28 5 1
39
7 34 16 47
29 37
8 11
16 34 33
20 35 42 47
15 43
34 26 18 6 25
43 20 23 12 44
8 31
30
7 41 47 29 15
17 22 9 25
49
44
39 6 23
48 16 20
8
26 4 6 45
10 32 34
8 41
2 26 49 0
12 29 27 15 13
15 22
15 14 19 35 38
27
18 43 19 2 31
47 19 16
41 1 2
13
5
24 37 32 7 10
43 1
12 44 3
12
31 45 14 46 13
45 20 16
13 7 24
7 18 8
49 43 15 16 11
49 44 31
20 2 35
17 26
18
39 2 9 19 18
13 34 40
2 39 46 48
19 9 12
10 41 34
20
4 21
37 14
24 37 9
12 16 25 3
13
27 13 21 31
49 42 46 44 15
19
38 47 48 12 2
40 33 30
12 2 27 43
7 0 2 10
48
35 44
25 46
18 13 47
1 28 6 15
38 27 29
26 43 24 23
23 34 9
2 0 15 6
47 1
39 47 44 48
34
32 44
24 47
25 49 35
12
13 18 19
34 24 7
22 16
30 49 11
33 36 22 42
23 8 20 34 49
7 30 13 23
27 10
31 48
48 18
22
28 39 23 46
41 28
29 43 34
1 20
8 31 13
44
47
17 19 23 15 0
5 42 20
4 48 46
41
41 22 16 35 5
7 0
15 24
6 41 3
19 13
17 39
29 4
49 28 46 14
1 40 21
47 7 48 43
37 25 24 35 43
29 42 49 38
0 37 42 27
37 34
24 42 26 32 49
21 43 19 32
24 18 29
40 2 10 22
24 33
18 10 15 25
44 3 29 31 6
39 46 12 44 11
8 40 44 16 0
44 36
35
42
4 49 45 7
49 8 44 36 47
44 37 11 30 12
25 9
19 17 12 8 5
46 22 4
49 16
29 44 6 36 42
11 48
0 8 47
44 2
37 22 5 40
4 25 5
20 26 2
11 27 42 13
22 48 0 46
6
29 44 6
8
23 26 18 10
0
20 46 23 2
24 15 7 45 38
41 15 49
3 22 49
47 1
11
16 38
29 3
11 38 22 42
16 47 33 40
47 5 31 20
32 40 41 39
13
36 35 3
35 37 33 0 2
47 41 0
41 21
15 49
15 9 1 39 37
42
16 11 8
1 27 40 32
31 21
31
6 44 25 10 7
34 4 26 38
33 15
34 42
21 30 33 35 38
44
6
4
43 37
31
43 32 25 18
27 47 12
6 45
15 21 42 30
32 45 29
24 2 47 44
38 40
25
45
0 35 17
43 37 20
42 17 2
5 20
40 48 45
20 17 27 18
37 7 34
3
32
23 38
47
21 35 7 17
18 7 3
0
23 27 44 7
41 30 42 7
21
1 31 13
38
34 18 16 35 6
40 24 11
49 12
49 2 40
5 29 13 44
49
17 0 47
34 12 38 13 6
29 22 47
4 39 18 33
37 33 9 42 1
25
40 9 37 41
17 25 23
2 14 21 25
27 40
0
0 4 16 37
14 6 4 47
3 32 4 18 30
36 39 14
16
35 26 7
45 30 27 38
14
6 2 20
18 34 44 33 24
23 31
26 2 46
48 11
36 35 46 24 25
44 49
8
1
40 26 20 49 35
24 38 18 11
29 18
0 18 26 41
10 9 3 37 24
47 3 26 22 8
34 39
49 20 1 19 41
14
42 17
5 28 13 43
13 22
26 43
5 45 24
3 44 36 17
34 24
17 4 20
24 20 13 36 8
46 35
4 39 46
18 8 42
7 11 10
18 19 32 48 30
3 19 25 10
33
6 8 19
24 10 17 47 40
30 40 31 37
21 34 30 1
38 37 36 15
19
0 14
41 38
8
37 40 35 47
39 0
49 14 5
7
11 33 34 31 48
17 4 23
23 33
46 47 26
5 3 42 40
15 20
38 24 16 39
37 39 33 13
28 43 44
46 31 33 43
14 42
40
19
11 27 0
17 16 36 33
48
31 35
22 34 13
35 36 8 1
0 33
41 13 21
23 38 3 5
35 4 16 44 32
28 31 3 25
14 35
16 12 9 3 41
3 44 49 5 13
18 10
42 47
17 11 34 7
