10 50 500 20
17 10 20 43
33 39 8 13
22 45 11
12 17
10 21
47 46 42
39 21 10 14
49 2 38
44 35 5
43 19 47 18 36
2 27
49 10 47 8
24 18 6 30 22
14 6 36 12
35 30 34 32 25
18 49 13 43
9 11 10 7 49
39 43 28 27
13 32 17
47
42 21
47 30
27 49 20 37
27 29 38 39 45
6 30 15 35
43 14
13 30 37
23 28 12 6
35
42 43 18 20 41
15 38 25 46 17
42 20
18 45
44 14 16 37
40 34
40 32
48 14 12 46 43
16 21 44
18
27
5 17 31
43 15 13 17 28
25
24 8
15 8 34
43 38 12
3 47 11
45 1
46 37 45 12
17 21 5 12
26
37 32
10
22 15 35 49
41
8 27 26 21 3
2
29 27 16 2
5
9 40 32
32 45 27
12 35 21 5
13 10
26 48 11
49 38 46
23
29
33 37 11 31
39 41 31 15 34
45 46
44
15 8 41
32 5 29 31 17
4
30 43 46 35 19
2 26 19
30
40
1 19
42 12
11
41 6 37 43 8
26 18
6
2 47
4 18
27 10 30
34
44
37 31 41 38 15
34 11
20 33 22
14 43 39 41 4
4 35 6 18
38 17 30
2
11 35 42 13
6 24 38 32 29
19 49 8 5 45
20 26
40
4 38
36
38 41
37
48
44 35 14 19
14 35 7 18 21
13 45 22
14
16 38 2
23 18 9
44 22 23 29 19
7 34
7
4
16 43 25 5
2 43 17
4 2 30 43
37 41 21 44 17
14 3
24 28 23 17
0 9 32 23 43
24 35
19
31
40 1 26
26 42
35 28 36 7 22
2 21 6 48
46
0
3 37 16 20 13
44 31 3
16 43 11
49
13 46 24 36
14
17 39 21
17
21 22 1 35
6 33 45
0
1 6 22
48 26 29
20
11 7 15 3
45
26 1
21 30 12
16 45 23 39
48 28 36
11
26 21 15 1
2 16 13
35 18
36 43 16 10 1
41 10 7
26 40 37 24 17
40
24 22
35 42 13
26
27
10 42
49
12 4
8 22 13 18
37 21 18
40 44 9 8
28
26
46 49
4 18
45 44 29 42
21 7 29 12 40
42 31 4 21 34
26 16 39
16 33 11
38 33 23 43 40
24 1 2 34
20 23 22
12 47 28 48
19 37 40 25 32
48
22 47 21 4 31
22 29 35
35 15 10
43
20 1 7
42
21 7 43
22 26 32
10 7 15 46
39 49 14
14 27 38 6
47 29
36
26 44
34 41 2
24 23
21 31 43 9 37
3 5 22 15 12
3 11 15 8
3 48 44
22 47
31
21 7 30 42 38
22 15 49 30 3
48 17 34 43 10
1
44 49 38 20
43 16 1 37
29
40
48
36 20 22 34 17
38
37 43 17
38 3
26
6 49 13 7
38 13 10 43 31
39 6
11
7 41 19 15 5
39 17 3 4 26
39
45 17 28
10 46 3 34 2
29 1 34
14 8 16
23 25 9 37
32 25
48 25 29 46
38 2 49 37
48 43 9
18 24
14
43 19
12 21 49 30
4 41
46 27 30 7
32 26 20 36 44
33
25 37 29 6
41 15 8 46
33 8
34 41 2 0
17 34 19 46
23 8 2 6
16
3 23 15 42
29 45
2 3
27
33 47
47 44 42
17 11 0 27
22 37 35 14 41
16 1 28
26 23
11
20 9 8
41 20 29 31
13 26 38 12
19
45 41
7 11 35 48
14 13 46
22
25 40 14 32 33
2 8 45 14
49 44 46
42 47 24
36 1
30 22 29
11 27 29 0 5
11 1
27 22 46 25
14
29 36 2 7 44
32 49 36 22
15 24 4 14 30
12 26 43 6 16
29 33 44
14
1 7
44 41 23
42 35 16 48 14
42 45 13 25 7
46 44 13
7 49 12 5 46
20 48 13
30
27 49 35
13 7
1 22
1 5 25
6
15 49 46 1
35 34 46 4
36 7 20 41 46
37 31 29
48 8
32 41 20
29 0
8 17 21 23
40 4 29
49 11 26 18
40 47 28 18 16
38
48 21 9
35
14 21 19 11
39 7 34 4 3
25 9
42 49 47 26
27
9 23 0 49 4
21 31 12 42 32
40 13
23 11 15 22
46
38 47 23 46 1
36 32 1 48 25
35
34 1
25 11
30 11
23
33 26 27 48
17 24 41
34 46 7 35
29
19 45 40 23
8 33 47 40 45
33
16 17 15 26 47
25 47 31 28 34
45 38
6 25 37 46
49 28 17 25
4 42 48
22 8 10
49 20 9 2
49 23 16 6
21 15 34
33 0 19 43 30
2 27 40 28
32 17 42 0 18
31 48 30 34
4 9 25 40 13
4 22 30 15 0
24 35 46 8
48 42 6 14 38
21
30 0 25 20
26 23 43 44 7
37 42 31 21 5
22
2 36 7 49
28
38 0 37 29
22 35 31 17 40
36
35
23 2
7 36 29 11 46
3
0 23
2 40
31 19
45 37 34 47
30 37 21 25 47
18 1 35 7 47
16 9
3 45 38
4
38 7 15 43 47
21 24 11 5
41 27 1
25 36 23 3
45 38 17
32
19 44 5 7 26
9 4 17 18 26
23 4 15 7 27
9 14 13 38
19 27 41 10
17 32 20 48
5 47
20 10
4 46
12 8 9
43 17 9
2 28 3
38 7 4
30 35 11
20 40
41 8 43 49
17 39 4 48
19 7 8 31 15
40 44 20 2
38 13 42 30 4
31 3 43 28
34 46 22 44
44 12 49 15
17 24 0
2
2 22
39 42 9
34 41
47 9 27 32
34 14
13 22 47
19 5 31 15
29
6 14 5
21 26 17
46
33
13
40 33 44
43 25 0
31 4 35 33 44
49 32 36
19 41
25 45 28 21 41
47 45
35 42 37
24
23
16 4
24 28 26 43
31 20 47 34
0 40 41 35 31
43 20 46 29 18
29
34 23 14 16
1 13 41
25 11 3 0
10 20 11
21 49
2 1
36 20 48 45
47
28 44 20 30
38
44
26 23 13 18 46
49 24 47 17
22 32 47 41 6
25 10 48 47 34
15 32 9 19 21
0
45 9 16
15 29 0
32
17 16
3
10 18
7 33 20 14
10 23 48
41 7 45
43 27
39
35 33
34 41 42
47 15 26
30 26 11 1
43
11 6
47
6 46 42 44
47 17
46
7
9 35
49 38 31
30
42 48 0 29 2
19 49 35 11
10 22 17 5
22
25 49 41
20
32
33
43 47 0 27
3 16 37 40
48 20
1 17
1 49 9
27 15 38
1 37 25 43
5
4 26
8
12 13 43 48
