10 30 250 20 
26 
9 2 11 20 18 
27 11 7 
16 23 6 13 
17 24 
27 
1 27 15 19 26 
3 
28 18 10 
12 18 14 20 
19 5 
3 
28 16 22 
3 
10 8 5 
23 
26 
22 1 
19 5 10 20 
27 9 
2 15 
28 
25 24 28 19 10 
28 4 16 10 29 
29 25 10 
18 3 
2 17 25 
21 17 22 
13 7 
3 7 6 19 
27 10 8 21 
18 11 1 26 
27 25 13 5 
10 12 21 
26 3 22 
2 7 25 6 8 
9 29 3 21 1 
10 7 
22 20 4 25 
15 29 18 
1 18 25 21 3 
18 22 13 24 
14 22 4 3 27 
20 27 12 
16 11 14 
3 25 22 13 26 
26 19 
9 7 
5 21 16 
23 
21 10 4 17 
1 19 22 
20 9 
22 13 24 
0 16 19 
1 15 
18 27 
27 18 21 7 
12 8 20 
2 10 
4 
5 9 25 
2 23 
21 17 4 3 
26 18 3 28 22 
4 27 13 26 11 
4 5 27 
10 26 7 24 
28 18 1 
9 21 1 23 7 
14 25 17 
21 19 1 
10 
2 11 9 16 13 
17 25 3 22 
21 3 17 
17 8 
21 11 
24 
26 1 25 12 
14 2 
25 2 23 
13 17 
18 26 10 
2 12 22 
17 18 1 11 9 
18 9 21 10 
11 9 15 24 0 
4 24 8 
29 16 19 24 
29 4 3 
12 22 7 
5 25 26 
0 24 3 
10 19 
12 16 11 22 
14 2 
23 8 
14 2 18 23 15 
18 23 26 
20 7 
7 8 1 
0 23 2 17 5 
9 
3 24 28 4 21 
11 6 28 14 21 
5 12 
24 15 29 
5 16 25 24 23 
1 0 14 
13 
9 
13 14 20 
7 20 9 26 
0 14 10 27 
12 7 2 
20 23 17 0 13 
7 
3 
7 
0 
29 17 
18 28 
23 9 18 22 
20 10 15 
28 
13 7 9 
8 5 4 17 11 
24 9 6 29 
5 26 25 12 28 
11 1 
12 26 
16 24 
16 6 18 
26 12 23 
27 11 
22 17 7 
25 
17 8 6 16 
0 
22 13 12 1 21 
9 10 
11 25 7 29 
0 11 7 6 
6 4 3 
25 3 28 27 14 
19 18 
16 10 2 0 
29 18 28 
25 29 23 
11 15 22 2 
29 
25 7 23 16 
10 6 22 
26 10 12 0 28 
11 23 
1 21 12 25 
10 
15 
13 18 10 24 21 
2 
14 8 10 15 4 
13 7 23 
2 5 
12 0 4 28 
19 
15 21 
5 14 
26 11 18 23 5 
13 26 8 18 
29 14 24 
25 12 22 7 
21 25 12 5 
26 15 
2 
29 1 6 
4 1 15 
6 
24 
19 12 11 18 17 
28 4 10 
23 22 5 19 12 
1 16 
21 
29 0 3 22 6 
27 
25 
8 25 28 
27 11 25 
20 
25 13 
25 21 8 
17 4 22 10 26 
7 15 25 14 
24 15 21 19 18 
24 
17 11 24 26 
29 3 
26 15 1 19 29 
29 12 
26 4 11 28 
25 24 26 6 27 
19 26 25 22 3 
15 22 4 29 10 
29 
19 
14 5 7 12 
19 0 2 
10 29 28 
25 
10 15 28 6 26 
12 
5 0 8 
11 24 13 
27 5 17 
15 
18 8 19 
3 19 
23 20 14 26 
17 19 
29 17 26 18 
27 6 15 3 
15 5 26 17 21 
6 22 27 
18 11 27 
22 19 15 25 
6 
29 22 16 12 9 
12 20 5 14 16 
16 29 
0 15 26 
27 1 28 
7 13 8 5 
1 
19 18 
15 17 9 3 
28 
4 
16 13 25 15 
23 20 
2 13 
16 18 2 6 8 
28 0 5 
8 24 
24 
20 13 6 17 
24 20 
0 27 18 
12 
20 14 23 19 13 
