10 30 250 20 
14 16 21 
20 7 27 8 14 
24 15 16 23 4 
3 18 22 12 27 
4 3 11 22 
28 
20 2 5 28 
21 26 2 
5 13 2 18 11 
9 21 
24 26 12 27 22 
26 23 
21 11 6 4 
27 11 
29 17 8 19 3 
3 7 21 22 
7 20 4 17 
15 11 20 25 
2 13 11 27 5 
0 24 4 16 
28 22 
10 21 0 16 19 
15 
27 24 4 
5 21 
29 10 19 21 
6 27 
18 11 21 20 
25 
5 27 24 
11 16 0 2 23 
27 29 15 4 
21 28 
23 26 6 1 12 
26 27 
25 6 4 
14 19 22 
13 1 28 25 29 
12 
20 5 
12 18 17 21 
0 11 
2 18 13 0 22 
9 0 
2 0 9 26 25 
13 1 10 26 7 
1 20 
21 
19 5 
18 6 3 27 23 
28 8 17 
9 2 
19 
7 6 24 8 
15 8 13 23 25 
12 
24 3 
6 23 19 25 28 
1 19 4 25 
7 21 3 
12 17 
25 
28 3 15 
24 3 18 17 
5 17 16 7 
18 22 21 5 6 
26 
19 3 
4 16 19 3 15 
21 
15 
4 13 
6 28 0 8 23 
22 
27 2 22 
16 2 6 27 24 
24 
21 19 4 
19 23 
2 8 
24 27 21 1 26 
10 25 11 
4 20 25 0 23 
8 7 11 
1 21 23 
1 
4 29 
16 6 25 1 24 
0 
16 27 20 
3 20 0 7 
4 28 5 17 29 
21 
29 20 23 24 
8 29 15 2 20 
23 27 8 17 
29 18 28 
5 27 12 
18 1 
9 23 10 5 
24 25 27 
18 2 
9 23 14 
13 6 
8 13 3 
20 12 14 28 26 
7 
3 14 29 7 
12 
13 8 0 5 
11 7 19 
24 18 27 11 
6 21 2 5 
24 
26 
17 12 13 29 
5 2 4 29 
19 16 11 0 1 
6 22 7 11 15 
12 
7 21 15 8 
10 4 0 
10 22 
12 21 5 20 25 
8 13 11 17 18 
2 22 27 16 
28 14 2 29 6 
29 
2 7 19 20 17 
11 6 
7 9 27 
14 18 
14 19 24 1 28 
27 
12 28 25 7 
29 
10 22 
0 
12 8 
19 18 
26 27 
28 0 10 22 
10 
26 
27 28 24 21 
14 20 11 24 23 
16 18 11 
24 14 28 
10 29 14 
1 21 5 24 7 
15 9 25 19 
2 12 23 18 17 
20 7 19 
4 
17 7 
15 0 24 28 
5 3 25 
19 13 25 
25 14 9 
0 2 28 
23 8 14 16 18 
9 10 
14 15 
0 10 14 17 2 
25 9 
29 27 8 24 21 
8 19 22 
15 23 2 17 
6 26 
20 2 28 26 
7 27 1 
5 21 13 
14 3 22 19 
10 11 8 2 
17 
3 23 
17 
16 8 2 6 
13 1 22 6 
17 1 13 
5 7 2 24 21 
14 4 25 24 21 
12 20 23 2 18 
16 6 19 
27 13 14 
3 5 24 2 29 
14 16 6 
17 
0 
25 6 11 16 22 
23 5 7 
7 20 10 18 24 
21 
27 0 9 28 
19 2 8 
13 19 22 
20 9 12 
27 0 6 29 
28 12 27 22 
6 
7 21 
14 3 
11 25 22 
27 
24 23 1 9 
10 
9 16 18 23 4 
2 13 0 23 16 
22 
8 28 13 
19 
11 10 20 18 7 
3 25 4 
13 2 
15 13 11 28 
25 23 19 
12 1 26 27 
20 8 18 1 
25 29 17 12 6 
10 16 1 25 
8 12 9 24 
17 15 4 28 
10 28 22 1 6 
4 24 22 28 
22 21 17 
10 3 26 5 
14 26 17 10 
10 9 21 4 0 
23 27 21 6 
9 
4 6 
10 20 28 27 
5 6 
24 1 26 14 20 
4 11 
27 1 5 
23 18 21 2 16 
25 20 14 23 1 
24 23 
22 18 
13 
4 21 27 7 
24 5 
14 17 9 22 15 
2 29 
22 3 21 24 29 
13 28 1 19 
19 12 
26 19 7 2 6 
29 10 16 
