10 30 250 20 
8 3 20 
0 1 7 6 3 
19 20 
19 24 2 28 0 
20 
26 6 1 12 
26 16 
20 26 19 11 
3 24 
28 16 12 
27 
6 2 29 16 
2 19 15 
29 26 7 16 15 
7 10 6 16 
18 1 
25 10 
4 
3 25 
9 21 14 
5 19 
18 
8 9 5 12 
25 29 
27 20 
7 12 
15 16 10 20 
22 29 16 
18 22 2 21 
17 21 24 12 
10 5 
14 
15 
5 29 8 7 1 
29 
0 
23 3 8 26 18 
20 15 
28 24 0 12 4 
18 16 24 
7 8 25 10 
27 
17 9 5 11 
26 25 22 
25 12 10 28 
4 12 5 
11 
18 12 25 28 
13 2 
21 11 27 
22 3 
27 0 22 9 
17 18 2 
11 23 12 
14 9 3 
19 26 
2 21 23 
26 4 25 11 9 
7 29 8 
19 3 9 12 22 
19 2 9 
16 
4 27 14 11 23 
17 7 15 13 
5 6 27 25 4 
22 16 
1 27 13 4 
28 27 19 8 
17 3 16 10 
4 24 
24 14 
14 10 15 20 24 
6 27 
6 0 25 20 2 
14 
4 20 2 15 
1 8 12 
15 
22 9 4 
12 29 
22 16 8 1 27 
14 12 
17 9 
11 15 28 21 4 
8 28 
6 10 
27 
2 20 11 
4 
17 9 21 13 15 
24 17 25 26 
5 13 24 20 
19 
22 
2 
18 23 
5 11 
27 19 20 24 1 
7 29 18 17 
6 0 24 18 
14 5 18 
8 25 9 11 
20 11 15 
6 19 28 17 
25 
11 0 27 18 
9 
8 25 9 10 
20 
26 8 1 16 21 
28 10 
21 14 12 22 4 
29 24 11 18 
3 0 
3 
7 9 23 0 
11 
11 16 18 7 5 
5 11 
23 6 
23 22 16 
14 28 
26 
10 
7 10 
14 18 19 3 
1 
5 
6 
7 9 29 
4 
29 26 19 14 
19 8 18 
28 
18 
13 7 18 22 
10 23 6 20 1 
6 
4 
5 12 8 0 
7 
1 29 24 
21 20 
2 27 11 
25 9 
14 12 
19 25 
5 
7 8 27 26 
19 11 
27 16 17 19 
2 
5 11 
14 22 
29 
1 20 12 25 23 
4 
24 
9 25 6 8 
28 1 23 
6 
3 12 21 5 
25 10 
16 10 19 
13 14 18 7 
5 27 18 
3 26 27 18 
13 16 4 2 15 
10 17 29 18 
26 21 25 23 16 
15 11 21 2 27 
23 
28 9 7 16 
10 23 8 17 11 
23 11 24 9 
12 
13 
5 22 9 8 
13 18 15 
22 5 
3 28 2 
10 23 21 8 
11 9 0 
10 18 
8 10 
5 13 
1 16 0 22 2 
21 
21 10 1 
5 0 
20 6 13 8 29 
22 10 3 27 0 
29 4 2 20 
11 4 
9 28 
19 
7 10 22 
10 18 29 
4 24 5 
4 
24 9 8 29 
20 
3 19 
4 6 
28 13 9 
7 16 
5 
15 10 16 5 28 
6 7 13 25 
20 
9 28 
18 
1 25 8 12 24 
9 17 5 18 4 
1 17 7 
25 13 17 
26 15 8 
23 20 8 14 19 
15 20 
4 22 13 24 
10 9 8 27 23 
7 12 16 
10 
20 4 25 0 
11 7 28 
20 
4 5 28 
9 8 
29 21 
23 28 
15 17 
7 2 1 
25 
23 
9 14 19 16 27 
17 
15 
9 13 25 
4 20 11 29 25 
22 18 14 
7 10 
10 13 29 7 1 
11 20 25 24 12 
17 
7 14 29 27 
24 26 23 
17 
3 28 1 11 
23 11 
26 17 8 16 20 
