10 30 250 20 
11 
3 26 
15 16 12 
14 28 
17 2 8 29 4 
12 
24 15 6 
9 19 7 15 14 
16 3 10 
14 0 24 9 15 
8 25 12 
7 12 14 8 
18 24 20 
11 20 15 
1 
12 
28 
22 
1 
6 26 21 
4 17 
15 1 25 
24 16 5 
26 
0 
8 21 
27 23 12 19 
27 29 
5 
23 3 1 13 6 
16 9 
14 21 
3 11 7 
11 15 5 20 
3 24 11 0 
22 11 
21 
24 4 14 22 10 
20 
19 13 14 
12 
20 17 26 
11 6 7 
11 2 5 1 19 
13 26 18 
23 14 5 29 27 
17 
17 
26 16 
14 18 
19 
16 18 15 
27 10 23 18 
7 0 13 
29 
17 8 1 22 
26 25 5 16 
21 11 20 
19 13 17 26 
5 
14 24 12 
2 
0 7 27 19 23 
17 
7 29 
23 21 4 7 
24 13 20 
14 17 
14 20 3 
16 10 14 20 
8 
15 3 14 8 
21 
22 13 6 
11 5 26 
20 24 
23 
14 
0 15 
27 5 6 23 
11 28 24 
8 27 11 21 
14 
5 13 11 
19 16 8 
17 14 20 7 15 
2 19 6 22 
15 
24 28 
15 7 27 17 26 
25 12 29 11 7 
15 6 19 
9 11 27 
1 24 
15 26 
20 16 22 0 
28 15 20 9 2 
9 27 
6 
3 
10 
20 
8 24 0 
28 3 
15 
16 4 
20 
13 23 7 10 18 
14 10 7 5 26 
1 18 3 
5 2 13 16 17 
25 
11 8 
8 27 22 23 21 
29 5 23 
26 25 21 
13 4 8 24 15 
18 
16 15 25 11 
3 13 4 
9 21 7 
12 
22 5 26 
11 9 
12 19 11 26 
5 6 
20 7 22 16 8 
0 25 2 
20 1 4 5 
15 21 16 24 1 
11 20 
3 8 29 6 
28 27 11 2 
2 14 
17 13 7 
13 0 1 28 
15 
28 
10 3 17 
18 
23 
6 11 25 20 
29 12 17 
9 15 23 
17 4 0 
19 23 18 
11 7 18 23 4 
15 21 7 16 10 
26 6 
0 20 
24 29 1 6 10 
25 
19 23 2 22 17 
9 
29 3 28 25 
11 2 16 
13 
26 10 4 
8 17 
2 27 14 22 6 
6 16 8 21 29 
28 
6 21 
7 9 11 16 12 
7 0 
29 20 12 4 
21 3 16 
11 
2 6 12 
15 25 28 14 27 
29 8 
26 3 22 8 0 
9 13 11 
13 3 23 11 1 
9 16 14 
9 23 4 14 
15 4 
23 14 6 
10 13 21 16 25 
21 
22 13 
7 26 13 
15 18 28 2 
3 9 
26 27 5 21 
13 
26 8 29 27 17 
3 6 4 13 18 
2 27 3 1 
6 
10 15 9 11 25 
21 15 
16 10 3 29 
9 
12 5 13 0 
23 15 1 24 13 
15 28 
26 9 
27 25 6 12 3 
4 9 22 15 24 
29 17 23 
25 1 6 12 29 
20 22 18 2 1 
28 14 
18 16 2 5 
16 
0 6 15 
22 15 9 
21 23 0 
14 2 15 
25 20 7 
23 
20 12 
24 
17 6 23 10 5 
28 14 3 22 20 
17 27 20 12 
19 11 15 28 
4 11 18 
28 5 29 
20 16 
19 3 
5 3 13 
13 18 9 12 10 
3 26 14 1 23 
13 16 0 24 5 
27 14 10 4 
3 1 26 2 6 
23 
18 19 27 21 16 
28 6 5 25 
5 14 12 11 
12 
0 14 
20 26 29 
28 2 1 25 19 
20 24 0 19 
22 4 12 0 
2 24 28 19 
3 4 18 
9 0 
28 23 17 4 10 
28 
8 3 10 22 5 
10 29 
25 13 20 
21 
2 25 20 26 
25 
28 
