10 30 250 20 
22 13 4 
10 15 
1 
5 17 15 
25 6 
17 
29 5 0 28 
27 
0 19 13 14 
7 
29 12 21 16 
9 15 29 25 
26 13 29 20 
25 24 17 
3 12 7 
16 23 11 21 18 
22 9 3 5 
21 29 18 19 
27 28 
27 
25 28 15 8 
29 
11 13 
4 0 18 28 
13 23 
6 1 15 2 11 
14 
14 8 9 28 
29 5 25 15 10 
26 15 
0 17 
14 18 
29 1 21 17 
6 27 
18 2 
22 20 27 
5 25 26 
3 
2 29 
9 28 16 
5 29 7 3 1 
3 13 2 29 
29 12 
1 17 
0 8 13 
6 
2 12 
15 21 11 27 10 
20 13 24 28 
16 
22 17 25 27 21 
9 27 26 21 13 
4 
10 28 14 
25 12 4 10 27 
21 
25 10 0 3 21 
6 27 2 23 
15 8 11 17 3 
27 7 24 23 
3 25 22 23 18 
5 4 
0 7 2 6 23 
7 17 3 16 14 
2 
13 18 
24 3 
28 8 26 15 
11 7 17 22 2 
14 18 
4 
25 8 21 
20 2 4 10 
23 
1 0 9 3 2 
28 18 29 6 
9 8 14 23 
28 22 23 16 
13 18 6 29 
17 11 21 27 20 
3 11 22 13 10 
15 25 26 
3 25 22 
11 
9 10 
27 26 12 4 9 
26 
13 21 29 24 1 
25 28 21 2 
24 
23 
19 
18 
26 13 12 29 4 
7 9 
4 
27 21 10 3 
4 27 14 21 
28 
6 8 
9 13 
18 
2 
19 6 3 1 29 
27 20 19 9 10 
21 12 
0 19 20 2 14 
9 5 12 0 
29 
1 22 
25 
23 24 
5 27 2 11 7 
2 25 11 16 22 
2 16 10 6 17 
16 
3 
26 
26 29 8 
20 14 11 
20 
1 26 
19 10 
20 26 0 1 
12 
0 12 23 20 
8 27 0 15 
21 5 
13 22 
0 23 18 21 16 
5 
1 
15 22 9 
27 14 
27 22 23 
6 
18 22 0 11 7 
10 9 14 
4 24 
12 
26 4 11 10 
25 24 3 
27 29 16 24 19 
14 15 
19 25 
27 19 8 16 
24 2 
9 18 26 15 
18 
10 1 21 25 
2 
17 14 29 
15 
18 10 17 21 13 
26 18 16 12 1 
21 
9 25 
5 19 
5 23 28 
3 23 25 8 16 
29 4 
5 12 8 23 13 
14 8 
9 4 17 2 7 
11 23 26 5 
20 19 21 
7 
22 26 
0 3 11 1 
17 15 27 9 1 
19 
15 
10 3 16 6 
5 26 15 8 
22 0 24 2 
17 
19 
24 
28 27 15 16 9 
25 
13 21 17 
21 
29 22 25 
19 
19 4 
26 11 
9 8 0 21 
13 
19 25 
27 
18 3 19 
15 19 18 10 23 
8 20 1 26 
20 
20 19 
2 17 
5 12 16 9 
22 21 19 
22 21 0 8 
11 20 0 
12 
5 22 7 9 
9 0 15 
25 20 7 29 
15 6 
13 25 6 17 23 
11 12 8 26 7 
0 2 16 13 14 
17 
15 18 16 1 20 
5 29 
26 25 
14 15 4 29 
11 8 28 
13 25 
14 0 28 18 10 
1 
5 4 6 15 10 
6 23 14 15 
23 15 1 16 
19 
27 
18 
14 18 
28 23 10 
26 20 24 
27 16 
11 21 8 
1 
8 0 10 
19 
7 
28 17 4 12 
15 13 
26 25 5 18 
14 6 12 21 
4 25 22 
12 20 2 6 14 
10 0 3 8 
28 21 10 29 17 
12 7 
22 5 21 
26 15 14 17 
20 
2 21 28 17 1 
28 
14 9 
4 5 6 27 14 
20 
23 24 13 4 12 
